&StatCorr
Name1 = 'ATLAS W+ sigma 13.0 TEV'
Name2 = 'ATLAS W+ sigma 13.0 TEV'

NIdColumns1 = 2
NIdColumns2 = 2

IdColumns1 = 'y1','y2'
IdColumns2 = 'y1','y2'

NBins1 = 7
NBins2 = 7

MatrixFormatIsTable = true

MatrixType = 'Statistical correlations'
&End
0 	0		0.0			0.4 		0.8 		1.2 		1.6 	    2.0 		2.4
0 	0		0.4			0.8			1.2			1.6			2.0			2.4			3.6
0.0 0.4     1.0         0.897433    0.82295     0.56266     -0.011348   -0.352676   -0.362473 	    
0.4 0.8     0.897433    1.0         0.744915    0.662362    0.0203137   -0.315849   -0.370665 
0.8	1.2     0.82295     0.744915    1.0         0.616414    0.297985    -0.236093   -0.382791 
1.2	1.6     0.56266     0.662362    0.616414    1.0         0.215025    -0.0316365  -0.226903 
1.6	2.0     -0.011348   0.0203137   0.297985    0.215025    1.0         -0.0149687  0.218037 
2.0	2.4     -0.352676   -0.315849   -0.236093   -0.0316365  -0.0149687  1.0         -0.360178 
2.4	3.6     -0.362473   -0.370665   -0.382791   -0.226903   0.218037    -0.360178   1.0